[header]
width=74
height=26
tilewidth=16
tileheight=16
orientation=orthogonal

[tilesets]
tileset=mfTRO.png,16,16,0,0

[layer]
type=Tile Layer 1
data=
1,1,1,1,1,1,1,1,1,1,1,1,1,1,1,1,0,179,99,100,102,103,104,180,164,164,164,103,103,104,99,100,103,104,181,1,1,179,99,100,99,100,101,102,103,104,180,164,164,164,103,103,99,100,181,0,1,179,99,100,102,103,104,180,164,164,164,103,103,99,100,181,0,1,
1,1,1,1,1,1,1,1,1,1,1,1,1,1,1,1,0,98,1,1,1,1,1,1,1,1,1,1,1,1,1,1,1,1,161,0,1,98,1,1,1,1,1,1,1,1,1,1,1,1,1,1,1,1,161,0,1,98,1,1,1,1,1,1,1,1,1,1,1,1,1,193,0,1,
179,99,100,101,102,103,181,0,0,179,99,100,101,102,104,181,0,146,1,1,1,1,1,1,1,1,1,1,1,1,1,1,1,1,177,0,1,146,1,1,1,1,1,1,1,1,1,1,1,1,1,1,1,1,177,0,1,146,1,1,1,1,1,1,1,1,1,1,1,1,1,209,0,1,
149,1,1,1,1,1,163,164,164,165,1,1,1,1,1,197,164,165,1,1,1,1,1,1,1,1,1,1,1,1,1,1,1,1,163,164,164,165,1,1,1,1,1,1,1,1,1,1,1,1,1,1,1,1,163,164,164,165,1,1,1,1,1,1,1,1,1,1,1,1,1,163,164,1,
130,1,1,1,1,1,1,2,3,1,1,1,1,1,1,147,3,1,1,1,1,1,1,1,1,1,1,1,1,1,1,1,1,1,1,2,3,1,1,1,1,1,1,1,1,1,1,1,1,1,1,1,1,1,1,2,3,1,1,1,1,1,1,1,1,1,1,1,1,1,1,1,2,1,
146,1,1,1,1,1,1,18,19,1,1,1,1,1,1,145,19,1,1,1,1,1,1,1,1,1,1,1,1,1,1,1,1,1,1,18,19,1,1,1,1,1,321,322,323,338,324,325,327,328,0,1,1,1,1,18,19,1,1,1,1,1,1,1,1,1,1,1,1,1,1,1,18,1,
149,1,1,1,1,1,1,34,35,1,1,1,1,1,1,161,35,1,1,1,1,1,1,1,1,1,1,1,1,1,1,1,1,1,1,34,35,1,1,1,1,1,1,1,1,1,1,1,1,1,1,1,1,1,1,34,35,1,1,1,1,1,1,1,1,1,1,1,1,1,1,1,34,1,
149,1,1,1,1,1,1,50,51,1,1,1,1,1,1,177,51,1,1,1,1,1,1,1,1,1,1,1,1,1,1,1,1,1,1,50,51,1,1,1,1,1,1,1,1,1,1,1,1,1,1,1,1,1,1,50,51,1,1,1,1,1,1,1,1,1,1,1,1,1,1,1,50,1,
211,115,116,117,118,119,120,115,115,116,117,118,119,120,132,213,132,115,116,117,118,119,120,132,212,132,132,115,116,117,118,119,120,115,116,115,116,115,116,132,115,116,117,118,119,120,132,212,132,132,115,116,117,118,115,132,132,133,1,1,1,1,1,1,1,1,1,1,1,1,1,131,132,1,
179,99,100,101,102,103,104,180,164,164,164,103,103,104,99,100,101,104,212,164,101,102,103,104,99,100,181,0,0,179,99,100,102,103,104,180,164,164,164,103,103,104,99,100,101,104,212,164,101,102,103,104,104,99,100,181,0,210,321,338,328,1,1,1,1,1,1,1,321,338,328,147,0,1,
130,1,1,1,1,1,1,1,1,1,1,1,1,1,1,1,1,1,1,1,1,1,1,1,1,1,161,0,0,130,1,1,1,1,1,1,1,1,1,1,1,1,1,1,1,1,1,1,1,1,1,1,1,1,1,161,0,98,1,1,1,1,1,1,1,1,1,1,1,1,1,97,0,1,
114,1,1,1,1,1,1,1,1,1,1,1,1,1,1,1,1,1,1,1,1,1,1,1,1,1,177,0,0,114,1,1,1,1,1,1,1,1,1,1,1,1,1,1,1,1,1,1,1,1,1,1,1,1,1,177,0,114,1,1,1,1,1,1,1,1,1,1,1,1,1,145,0,1,
195,1,1,1,1,1,1,1,1,1,1,1,1,1,1,1,1,1,1,1,1,1,1,1,1,1,145,0,0,195,1,1,1,1,1,1,1,1,1,1,1,1,1,1,1,1,1,1,1,1,1,1,1,1,1,145,0,130,1,1,1,1,1,1,1,1,1,1,1,1,1,161,0,1,
195,1,1,1,1,1,1,1,1,1,1,1,1,1,1,1,1,1,1,1,1,1,1,1,1,1,193,0,0,195,1,1,1,1,1,1,1,1,1,1,1,1,1,1,1,1,1,1,1,1,1,1,1,1,1,193,0,146,1,1,1,1,321,326,327,338,328,1,1,1,1,177,0,1,
149,1,1,1,1,1,1,1,1,1,1,1,1,1,1,1,1,1,1,1,1,1,1,1,1,1,209,0,0,149,1,1,1,1,1,1,1,1,1,1,1,1,1,1,1,1,1,1,1,1,1,1,1,1,1,209,0,178,1,1,1,1,1,1,1,1,1,1,1,1,1,113,0,1,
194,1,1,1,1,1,1,1,1,1,1,1,1,1,1,1,1,1,1,1,1,1,1,1,1,1,113,0,0,194,1,1,1,1,1,1,1,1,1,1,1,1,1,1,1,1,1,1,1,1,1,1,1,1,1,113,0,194,1,1,1,1,1,1,1,1,1,1,1,1,1,129,0,1,
210,1,1,1,1,1,1,1,1,1,1,1,1,1,1,1,1,1,1,1,1,1,1,1,1,0,129,0,0,210,1,1,1,1,1,1,1,1,1,1,1,1,1,1,1,1,1,1,1,1,1,1,1,1,1,129,0,210,1,1,1,1,1,1,1,1,1,1,1,1,1,145,0,1,
130,1,1,1,321,322,323,338,326,327,328,1,1,1,1,1,321,326,327,338,324,325,328,1,1,1,163,164,164,165,1,1,0,321,322,323,338,326,327,328,1,1,1,1,1,321,326,327,338,324,325,328,1,1,1,147,0,178,321,338,328,1,1,1,1,1,1,1,321,338,328,113,0,1,
146,1,1,1,1,1,1,1,1,1,1,1,1,1,1,1,1,1,1,1,1,1,1,1,1,1,1,2,3,1,1,1,1,1,1,1,1,1,1,1,1,1,1,1,1,1,1,1,1,1,1,1,1,1,1,145,0,98,1,1,1,1,1,1,1,1,1,1,1,1,1,161,0,1,
149,1,1,1,1,1,1,1,1,1,1,1,1,1,1,1,1,1,1,1,1,1,1,1,1,1,1,18,19,1,1,1,1,1,1,1,1,1,1,1,1,1,1,1,1,1,1,1,1,1,1,1,1,1,1,161,0,146,1,1,1,1,1,1,1,1,1,1,1,1,1,177,0,1,
149,1,1,1,1,1,1,1,1,1,1,1,1,1,1,1,1,1,1,1,1,1,1,1,1,1,1,34,35,1,1,1,1,1,1,1,1,1,1,1,1,1,1,1,1,1,1,1,1,1,1,1,1,1,1,177,103,165,1,1,1,1,1,1,1,1,1,1,1,1,1,163,103,1,
195,1,1,1,1,1,1,1,1,1,1,1,1,1,1,1,1,1,1,1,1,1,1,1,1,1,1,50,51,1,1,1,1,1,1,1,1,1,1,1,1,1,1,1,1,1,1,1,1,1,1,1,1,1,1,113,3,1,1,1,1,1,1,1,1,1,1,1,1,1,1,1,2,1,
211,115,116,117,118,119,120,132,212,132,132,115,116,115,132,116,117,118,132,132,132,115,132,132,117,118,119,132,115,115,116,117,118,119,120,132,212,132,132,115,116,115,132,116,117,118,132,132,132,115,132,132,117,118,119,213,19,1,1,1,1,321,322,323,338,324,325,328,1,1,1,1,18,1,
1,1,1,1,1,1,1,1,1,1,1,1,1,1,1,1,1,1,1,1,1,1,1,1,1,1,1,1,1,1,1,1,1,1,1,1,1,1,1,1,1,1,1,1,1,1,1,1,1,1,1,1,1,1,1,1,35,1,1,1,1,1,1,1,1,1,1,1,1,1,1,1,34,1,
1,1,1,1,1,1,1,1,1,1,1,1,1,1,1,1,1,1,1,1,1,1,1,1,1,1,1,1,1,1,1,1,1,1,1,1,1,1,1,1,1,1,1,1,1,1,1,1,1,1,1,1,1,1,1,1,51,1,1,1,1,1,1,1,1,1,1,1,1,1,1,1,50,1,
1,1,1,1,1,1,1,1,1,1,1,1,1,1,1,1,1,1,1,1,1,1,1,1,1,1,1,1,1,1,1,1,1,1,1,1,1,1,1,1,1,1,1,1,1,1,1,1,1,1,1,1,1,1,1,1,115,115,116,117,118,119,120,132,212,132,132,115,116,117,118,119,132,1

[StartLocations]
# leftSmall
type=leaf
location=7,8,0,0

[StartLocations]
# rightSmall
type=leaf
location=8,8,0,0

[StartLocations]
# leftEntrance
type=pathA
location=16,8,0,0

[StartLocations]
# rightEntrance
type=pathA
location=35,8,0,0

[StartLocations]
# rightEntrance
type=pathB
location=55,8,0,0

[StartLocations]
# leftEntrance
type=pathB
location=36,8,0,0

[StartLocations]
# topLeft
type=quad
location=56,8,0,0

[StartLocations]
# topRight
type=quad
location=72,8,0,0

[StartLocations]
# bottomLeft
type=quad
location=56,25,0,0

[StartLocations]
# bottomRight
type=quad
location=72,25,0,0

[StartLocations]
# rightLarge
type=leaf
location=28,22,0,0

[StartLocations]
# leftLarge
type=leaf
location=27,22,0,0

