[header]
width=80
height=35
tilewidth=16
tileheight=16
orientation=orthogonal

[tilesets]
tileset=mfTRO.png,16,16,0,0

[layer]
type=Tile Layer 1
data=
131,132,132,132,132,132,132,132,132,132,132,132,132,132,132,116,132,132,132,132,132,132,132,132,116,132,132,132,132,132,116,132,132,132,132,132,133,1,1,1,1,1,1,1,1,1,1,1,1,1,1,1,1,1,1,1,1,1,1,1,1,1,1,1,1,1,1,1,1,1,1,1,1,1,1,1,1,1,1,1,
97,1,1,1,1,131,116,132,133,1,1,1,1,1,1,1,1,1,1,1,1,1,1,1,1,1,1,1,321,322,323,328,1,1,1,1,149,1,1,1,1,1,1,1,1,1,1,1,1,1,1,1,1,1,1,1,1,1,1,1,1,1,1,1,1,1,1,1,1,1,1,1,1,1,1,1,1,1,1,1,
147,1,1,1,1,147,292,293,149,1,1,1,1,1,1,1,1,1,1,1,1,1,1,1,1,1,1,1,1,2,3,1,1,1,1,1,149,1,1,1,1,1,1,1,1,1,1,1,1,1,1,1,1,1,1,1,1,1,1,1,1,1,1,1,1,1,1,1,1,1,1,1,1,1,1,1,1,1,1,1,
147,1,1,1,1,163,164,164,165,1,1,1,1,1,1,1,1,1,1,1,1,1,1,1,1,1,1,1,1,18,19,1,1,1,1,1,149,1,1,1,1,1,1,1,1,1,1,1,1,1,1,1,1,1,1,1,1,1,1,1,1,1,1,1,1,1,1,1,1,1,1,1,1,1,1,1,1,1,1,1,
209,1,1,1,1,1,2,3,1,1,1,1,1,1,1,1,1,1,1,1,1,1,1,1,1,1,1,1,1,34,35,1,1,1,1,1,149,1,1,1,1,1,1,1,1,1,1,1,1,1,1,1,1,1,1,1,1,1,1,1,1,1,1,1,1,1,1,1,1,1,1,1,1,1,1,1,1,1,1,1,
147,1,1,1,1,1,18,19,1,1,1,1,1,1,1,1,1,1,1,1,1,1,1,1,1,1,1,1,1,50,51,1,1,1,1,1,149,1,1,1,1,1,1,1,1,1,1,1,1,1,1,1,1,1,1,1,1,1,1,1,1,1,1,1,1,1,1,1,1,1,1,1,1,1,1,1,1,1,1,1,
147,1,1,1,1,1,34,35,1,1,1,1,1,1,1,1,1,1,1,1,1,1,1,1,1,321,324,325,338,179,164,103,103,103,164,103,165,1,1,1,1,1,1,1,1,1,1,1,1,1,1,1,1,1,1,1,1,1,1,1,1,1,1,1,1,1,1,1,1,1,1,1,1,1,1,1,1,1,1,1,
147,1,1,1,1,1,50,51,1,1,1,1,1,1,1,1,1,1,1,1,1,1,1,1,1,1,1,1,1,195,1,1,1,1,1,1,1,1,1,1,1,1,1,1,1,1,1,1,1,1,1,1,1,1,1,1,1,1,1,1,1,1,1,1,1,1,1,1,1,1,1,1,1,1,1,1,1,1,1,1,
163,164,164,104,164,164,99,100,164,181,1,1,1,1,1,1,1,1,1,1,1,1,1,1,1,1,1,1,1,178,1,1,1,1,1,1,1,1,1,1,1,1,1,1,1,1,1,1,1,1,1,1,1,1,1,1,1,1,1,179,101,102,103,104,212,1,1,1,1,1,1,1,1,1,1,1,1,1,1,1,
1,1,1,1,1,1,1,1,1,129,1,1,1,1,1,1,1,1,1,1,1,1,1,1,1,1,1,1,1,210,1,1,1,1,1,1,1,1,1,1,1,1,1,1,1,1,1,1,1,1,1,1,1,1,1,1,1,1,1,161,1,1,1,1,1,1,1,1,1,1,1,1,1,1,1,1,1,1,1,1,
1,1,1,1,1,1,1,1,1,145,321,338,328,1,1,1,1,1,1,1,1,321,338,328,1,1,1,1,1,162,1,1,1,1,1,1,1,1,1,1,1,1,1,1,1,1,1,1,1,1,1,1,1,1,1,1,1,1,1,177,1,1,1,1,1,1,1,1,1,1,1,1,1,1,1,1,1,1,1,1,
1,1,1,1,1,1,1,1,1,145,1,1,1,1,1,1,1,1,1,1,1,1,1,1,1,1,1,1,1,149,1,1,1,1,1,1,1,1,1,1,1,1,1,1,1,1,1,1,1,1,1,1,1,1,1,1,1,1,1,113,1,1,1,1,1,1,1,1,1,1,1,1,1,1,1,1,1,1,1,1,
1,1,1,1,1,1,1,1,1,161,1,1,1,1,321,326,327,328,1,1,1,1,1,1,1,1,1,1,1,130,1,1,1,1,1,1,1,1,1,1,1,1,1,1,1,1,1,1,1,1,1,1,1,1,1,1,1,1,1,147,1,1,1,1,1,1,1,1,1,1,1,1,1,1,1,1,1,1,1,1,
1,1,1,1,1,1,1,1,1,177,1,1,1,1,1,1,1,1,1,1,1,1,1,1,1,1,1,1,1,146,1,1,1,1,1,1,1,1,1,1,1,1,1,1,1,1,1,1,1,1,1,1,1,1,1,1,1,1,1,163,101,101,101,101,101,103,103,104,104,104,104,104,103,103,104,99,100,101,180,181,
1,1,1,1,1,1,1,1,1,193,1,1,1,1,1,1,1,1,1,1,1,1,1,1,1,321,326,327,338,328,1,1,1,1,1,1,1,1,1,1,1,1,1,1,1,1,1,1,1,1,1,1,1,1,1,1,1,1,1,1,2,3,1,1,1,1,1,1,1,1,1,1,1,1,1,1,1,1,1,145,
1,1,1,1,1,1,1,1,1,209,1,1,1,1,1,1,1,1,1,1,1,1,1,1,1,1,1,2,3,1,1,1,1,1,1,1,1,1,1,1,1,1,1,1,1,1,1,1,1,1,1,1,1,1,1,1,1,1,1,1,18,19,1,1,1,1,1,1,1,1,1,1,1,1,1,1,1,1,1,177,
1,1,1,1,1,1,1,1,1,97,1,1,1,1,1,1,1,1,1,1,1,1,1,1,1,1,1,18,19,1,1,1,1,1,1,1,1,1,1,1,1,1,1,1,1,1,1,1,1,1,1,1,1,1,1,1,1,1,1,1,34,35,1,1,1,1,1,1,1,1,1,1,1,1,1,1,1,1,1,113,
1,1,1,1,1,1,1,1,1,97,1,1,1,1,1,1,1,1,1,1,1,1,1,1,1,1,1,34,35,1,1,1,1,1,1,1,1,1,1,1,1,1,1,1,1,1,1,1,1,1,1,1,1,1,1,1,1,1,1,1,50,51,1,1,1,1,1,1,1,1,1,1,1,1,1,1,1,1,1,129,
1,1,1,1,1,1,1,1,1,113,1,1,1,1,1,1,1,1,1,1,1,1,1,1,1,1,1,50,51,1,1,1,1,1,1,1,1,1,1,1,1,1,1,1,1,1,321,326,327,328,1,1,1,1,1,1,1,1,321,324,325,326,327,328,1,1,1,1,1,1,1,1,1,1,1,1,1,1,1,145,
1,1,1,1,1,1,1,1,1,163,164,99,100,101,102,103,104,212,164,103,104,103,104,164,99,100,103,104,103,104,181,1,1,1,1,1,1,1,1,1,1,1,1,1,1,1,1,1,1,1,1,1,1,1,1,1,1,1,1,267,1,1,1,1,1,1,1,321,338,328,1,1,1,1,131,132,133,1,1,209,
1,1,1,1,1,1,1,1,1,1,1,1,1,1,1,1,1,1,1,1,1,1,1,214,215,216,217,218,219,220,197,321,338,328,1,1,1,1,1,1,1,1,1,1,1,1,1,1,1,1,1,1,1,321,338,328,1,1,1,316,1,1,1,1,1,1,1,1,1,1,1,1,1,1,163,164,165,1,1,145,
1,1,1,1,1,1,1,1,1,1,1,1,1,1,1,1,1,1,1,1,1,1,1,1,131,132,132,132,132,132,213,1,1,1,1,1,1,1,1,1,1,1,1,1,1,1,1,1,1,1,1,1,1,1,1,1,1,1,1,332,1,1,1,1,1,1,1,1,1,1,1,1,1,1,1,1,1,1,1,161,
1,1,1,1,1,1,1,1,1,1,1,1,1,1,1,1,1,1,1,1,1,1,1,1,97,1,1,1,2,3,1,1,1,1,1,1,321,338,328,1,1,1,1,1,1,1,1,1,1,1,1,1,1,1,1,1,1,1,1,299,268,1,1,1,1,1,1,1,1,1,1,1,1,1,1,1,1,1,1,147,
1,1,1,1,1,1,1,1,1,1,1,1,1,1,1,1,1,1,1,1,1,1,1,1,97,1,1,1,18,19,1,1,1,1,1,1,1,1,1,1,1,321,326,327,328,1,1,1,1,1,1,1,1,1,1,1,1,1,1,1,284,1,1,1,1,1,1,1,1,1,1,1,1,1,1,1,1,1,1,177,
1,1,1,1,1,1,1,1,1,1,1,1,1,1,1,1,1,1,1,1,1,1,1,1,97,1,1,1,34,35,1,1,1,1,1,1,1,1,1,1,1,1,1,1,1,1,1,1,1,1,1,1,1,1,1,1,1,1,1,1,300,1,1,1,1,1,1,1,321,324,325,328,1,1,1,1,1,1,1,113,
1,1,1,1,1,1,1,1,1,1,1,1,1,1,1,1,1,1,1,1,1,1,1,1,97,1,1,1,50,51,1,1,1,1,1,1,1,1,1,1,1,1,1,1,1,1,1,1,1,1,1,1,1,1,1,1,1,1,1,1,380,321,322,323,328,1,1,1,1,1,1,1,1,1,1,1,1,1,1,129,
1,1,1,1,1,1,1,1,1,1,1,1,1,1,1,1,1,1,1,1,1,1,1,1,163,164,180,164,100,164,181,1,1,1,1,1,1,1,1,1,1,1,1,1,1,1,1,1,1,1,1,1,1,1,1,1,1,1,1,1,1,2,3,1,1,1,1,1,1,1,1,1,1,1,1,321,324,325,328,145,
1,1,1,1,1,1,1,1,1,1,1,1,1,1,1,1,1,1,1,1,1,1,137,138,139,140,141,142,143,144,197,1,1,1,1,1,1,1,1,1,1,1,1,1,1,1,1,1,1,1,1,1,1,1,1,1,1,1,1,1,1,18,19,1,1,1,1,1,1,1,1,1,1,1,1,1,1,1,1,147,
1,1,1,1,1,1,1,1,1,1,1,1,1,1,1,1,1,1,1,1,1,1,153,154,155,156,157,158,159,160,197,1,1,1,1,1,1,1,1,1,1,1,1,1,1,1,1,1,1,1,1,1,1,1,1,1,1,1,1,1,1,34,35,1,1,1,1,1,1,1,1,1,1,1,1,1,1,1,1,145,
1,1,1,1,1,1,1,1,1,1,1,1,1,1,1,1,1,131,132,132,132,132,132,132,132,132,132,132,132,132,213,321,338,328,1,1,1,1,1,1,1,1,1,1,1,1,1,1,1,1,1,1,1,1,1,1,1,1,1,1,1,50,51,1,1,1,1,1,1,1,1,1,1,1,1,1,1,1,1,161,
1,1,1,1,1,1,1,1,1,1,1,1,1,1,1,1,1,193,1,1,1,1,1,1,1,2,3,1,1,1,1,1,1,1,1,1,1,1,1,1,1,1,1,1,1,1,1,1,1,1,1,1,1,1,1,1,1,1,1,179,99,100,103,104,181,1,1,1,1,1,321,324,325,328,1,1,1,1,1,177,
1,1,1,1,1,1,1,1,1,1,1,1,1,1,1,1,1,209,1,1,1,1,1,1,1,18,19,1,1,1,1,1,1,1,1,1,1,1,1,1,1,1,1,1,1,1,1,1,1,1,1,1,1,1,1,179,180,101,102,165,137,138,139,140,97,1,1,1,1,1,1,1,1,1,1,1,1,1,1,147,
1,1,1,1,1,1,1,1,1,1,1,1,1,1,1,1,1,97,1,1,1,1,1,1,1,34,35,1,1,1,1,1,1,1,1,1,1,1,1,1,1,1,1,1,1,1,1,1,1,1,1,1,1,1,1,149,137,167,168,169,170,171,172,141,113,1,1,1,1,1,1,1,1,1,1,1,1,1,1,161,
1,1,1,1,1,1,1,1,1,1,1,1,1,1,1,1,1,97,1,1,1,1,1,1,1,50,51,1,1,1,1,1,1,1,1,1,1,1,1,1,1,1,1,1,1,1,1,1,1,1,1,1,1,1,1,149,153,183,184,185,186,187,188,157,129,1,1,1,1,1,1,1,1,1,1,1,1,1,1,177,
1,1,1,1,1,1,1,1,1,1,1,1,1,1,1,1,1,163,164,180,164,164,164,164,100,164,99,100,103,104,100,164,164,164,164,164,180,164,164,164,164,164,164,100,164,164,99,100,164,164,164,164,164,180,164,165,141,199,200,201,202,203,204,156,163,164,101,102,164,164,164,99,100,164,164,104,164,164,164,165

[StartLocations]
# ps
type=PlayerStart
location=3,2,0,0

[StartLocations]
# door1
type=red
location=5,5,0,0

[StartLocations]
# door2
type=red
location=26,16,0,0

[StartLocations]
# yellow
type=pickup
location=19,33,0,0

[StartLocations]
# green
type=pickup
location=25,25,0,0

[StartLocations]
# hopper1
type=hopper
location=47,24,0,0

[StartLocations]
# runner1
type=runner
location=69,22,0,0

[StartLocations]
# door3
type=yellow
location=27,23,0,0

[StartLocations]
# blue
type=pickup
location=62,24,0,0

[StartLocations]
# door4
type=blue
location=28,3,0,0

[StartLocations]
# door5
type=red
location=24,31,0,0

[StartLocations]
# door6
type=green
location=60,27,0,0

[StartLocations]
# door7
type=blue
location=59,15,0,0

[StartLocations]
# tank1
type=pickup
location=10,18,0,0

